version https://git-lfs.github.com/spec/v1
oid sha256:168a8fad4466c0d785fb6732a5f5269d82e6c96d2d94ca22b33d2a6f52c493a4
size 109286183
